1865646
4231115
16479
115479
141312
2510330
5185699
2414885
4231125
648944
17406
4727037
649061
2414975
4640573
3727296
4639227
503349
35930
5559010
2122945
1809513
2145853
845552
5658172
4138526
216871
2370785
2165315
4789796
845360
2073437
2508377
1345310
1278889
1823
1968466
5529044
2290211
1967060
1270402
2409686
4231096
368811
1766593
2446635
4930784
309114
4416974
4231151
4144153
5274910
5452627
4231148
4231145
165757
2145504
22851
346030
3331459
49119
3221004
2374026
4231071
4139591
4231077
5679
5442340
10114551
721528
368362
2384515
2441172
5616851
31
4231174
870581
4683321
6294835
10987639
5501233
2165038
5742263
2043904
2142135
443543
259468
2922658
5153649
2464777
2385406
630783
5122856
4860637
4231207
845318
496230
53284
631143
631142
2383413
695121
4231112
3715440
4231117
81067
2047122
144147
4231052
1383708
1766544
4231057
1704923
2371752
2414989
102893
285244
385869
787230
15813
4231196
2363036
800432
2464493
22606
4572760
4997588
1834583
110183
4231109
2182013
473216
4231023
2159636
4905037
1834611
4231182
4231183
166772
4242681
6340884
39303757
5590651
5013555
2284234
1831717
2034028
908807
4563862
688622
1468702
4993738
38081
2464788
2182006
2414995
2394009
6200749
179215
514717
5126930
1782520
4994026
